419430400S,0C
0 0
11100 1
11079 1
14162 1
14246 1
14258 1
14279 1
2180 1
11061 1
14185 1
7056 1
2171 1
15923 1
14202 1
21568 1
4346791 1
49173 1
64353 1
99278 1
14309 1
14015 1
99310 1
14268 1
5062 1
5060 1
11072 1
12934 1
69011 1
11072 1
-115777 -11
-15923 -1
13971 1
11076 1
42328 1
-42328 -1
66625 1
-4431734 -4
-64353 -1
-99278 -1
11037 1
-14309 -1
-14015 -1
15736 1
11057 1
12613 1
-113578 -2
13320 1
-103139 -5
-25043 -2
15730 1
14155 1
-128144 -6
-13320 -1
14134 1
-14134 -1
11072 1
-15730 -1
23962 1
-14155 -1
16050 1
15044 1
13694 1
11072 1
15732 1
24017 1
22839 1
11139 1
13194 1
-11072 -1
-23962 -1
13793 1
11139 1
12362 1
24074 1
15234 1
20375 1
11351 1
20477 1
14515 1
11416 1
11057 1
12825 1
21639 1
12458 1
-142781 -9
-13793 -1
-47575 -3
